// Fichier .geo généré à partir de C:\Users\gsagot\OneDrive - Université Paris Sciences et Lettres\TR Fluides\DRL - GNN\Gabin\drl-gnn\drl\drl1\geometry\mesh\0\txt\object_0.txt
h = 0.01;
Point(1) = {3.4400517419364003, 1.6589665339261566, 0, h};
Point(2) = {3.2585944994952403, 1.7451777377551831, 0, h};
Point(3) = {2.984553176555958, 1.8693967110309597, 0, h};
Point(4) = {2.7990087934020558, 1.944378588041595, 0, h};
Point(5) = {2.6271279605139872, 1.9984246728739279, 0, h};
Point(6) = {2.5310167586728123, 2.0121227340741483, 0, h};
Point(7) = {2.5, 2.0, 0, h};
Point(8) = {2.515967872366483, 1.9707762587595683, 0, h};
Point(9) = {2.598398268474631, 1.9194904927279115, 0, h};
Point(10) = {2.764806779069489, 1.850409325963004, 0, h};
Point(11) = {2.9551394442299506, 1.7885831456433716, 0, h};
Point(12) = {3.2449136937622134, 1.7075900329237468, 0, h};
Point(13) = {3.4393334996354166, 1.6569931794225061, 0, h};
Point(14) = {3.4396926207859084, 1.6579798566743313, 0, h};
Spline(1) = {1, 2, 3, 4, 5, 6, 7, 8, 9, 10, 11, 12, 13};
Line(2) = {1, 14, 13};
Curve Loop(1) = {-1, 2};
Plane Surface(1) = {1};
