// Fichier .geo généré à partir de txt\action30.txt
h = 0.01;
Point(1) = {3.0262154375184904, 1.1496480635541402, 0, h};
Point(2) = {2.937275661544866, 1.3297836201490598, 0, h};
Point(3) = {2.8396868736385725, 1.622101675814583, 0, h};
Point(4) = {2.75598905091392, 1.8054734551147116, 0, h};
Point(5) = {2.5843112267714807, 1.911024626776349, 0, h};
Point(6) = {2.614576456351851, 2.0413554896740016, 0, h};
Point(7) = {2.5, 2.0, 0, h};
Point(8) = {2.5469475185975794, 1.9996034378157652, 0, h};
Point(9) = {2.5672931562807983, 1.9005181869999945, 0, h};
Point(10) = {2.6903940814015193, 1.764977113464747, 0, h};
Point(11) = {2.7780661702548066, 1.5840589253492692, 0, h};
Point(12) = {2.9202575910541837, 1.3192771803727052, 0, h};
Point(13) = {3.024428540116969, 1.148544887377623, 0, h};
Point(14) = {3.02532198881773, 1.1490964754658815, 0, h};
Spline(1) = {1, 2, 3, 4, 5, 6, 7, 8, 9, 10, 11, 12, 13};
Line(2) = {1, 14, 13};
Curve Loop(1) = {-1, 2};
Plane Surface(1) = {1};
