// Fichier .geo généré à partir de txt\new_transfo.txt
h = 0.01;
Point(1) = {2.5854811505661064, 1.003659658852511, 0, h};
Point(2) = {2.5874765000505917, 1.2045454997682778, 0, h};
Point(3) = {2.7032681499411866, 1.5154325344484285, 0, h};
Point(4) = {2.6671297392246096, 1.7130870159388378, 0, h};
Point(5) = {2.6277871006960316, 1.8903983031824236, 0, h};
Point(6) = {2.589320516360071, 1.982479202069303, 0, h};
Point(7) = {2.5, 2.0, 0, h};
Point(8) = {2.531180753788664, 1.9775525840598909, 0, h};
Point(9) = {2.533663170550575, 1.882422476848394, 0, h};
Point(10) = {2.5725968930985545, 1.7050765390877567, 0, h};
Point(11) = {2.574427590035607, 1.5045149077726405, 0, h};
Point(12) = {2.5675479200947393, 1.2028568017659094, 0, h};
Point(13) = {2.583388649670742, 1.0034823455622623, 0, h};
Point(14) = {2.584434900118424, 1.0035710022073867, 0, h};
Spline(1) = {1, 2, 3, 4, 5, 6, 7, 8, 9, 10, 11, 12, 13};
Line(2) = {1, 14, 13};
Curve Loop(1) = {-1, 2};
Plane Surface(1) = {1};
