cl__1 = 0.01;
Point(0) = {3.48587504725975, 1.932047833896595, 0, cl__1};
Point(1) = {3.297905214428395, 2.036982884842996, 0, cl__1};
Point(2) = {3.013361426545085, 2.174607421294877, 0, cl__1};
Point(3) = {2.820287646166327, 2.240552679979676, 0, cl__1};
Point(4) = {2.632847262246721, 2.195445893162059, 0, cl__1};
Point(5) = {2.530904375325262, 2.148599739297238, 0, cl__1};
Point(6) = {2.494198214693343, 2.060804046372176, 0, cl__1};
Point(7) = {2.522509203970632, 2.08446781316016, 0, cl__1};
Point(8) = {2.621725302026611, 2.110483633166932, 0, cl__1};
Point(9) = {2.80487646892044, 2.122824471814678, 0, cl__1};
Point(10) = {3.00110546687185, 2.080982375741816, 0, cl__1};
Point(11) = {3.293063138615735, 1.999993568574142, 0, cl__1};
Point(12) = {3.485602472866649, 1.929965598751318, 0, cl__1};
Point(13) = {3.485738760063199, 1.931006716323956, 0, cl__1};
Spline(1) = {12, 13, 0};
Spline(2) = {0, 1, 2, 3, 4, 5, 6, 7
, 8, 9, 10, 11, 12};
Curve Loop(1) = {-2, -1};
Plane Surface(1) = {1};
