// Fichier .geo généré à partir de txt\new_transfo.txt
h = 0.01;
Point(1) = {3.4556467853426005, 1.7054828966522424, 0, h};
Point(2) = {3.3012092171331524, 1.883000895811629, 0, h};
Point(3) = {3.0279066796952305, 2.0146470998206834, 0, h};
Point(4) = {2.839794583936723, 2.083304506044207, 0, h};
Point(5) = {2.6501028034944336, 2.079177953895712, 0, h};
Point(6) = {2.540137023594514, 2.045155501735375, 0, h};
Point(7) = {2.5, 2.0, 0, h};
Point(8) = {2.525361013261447, 1.9973886772790945, 0, h};
Point(9) = {2.6205507828282997, 1.9836443049831514, 0, h};
Point(10) = {2.810242563270589, 1.9877708571316466, 0, h};
Point(11) = {2.9983546590290966, 1.9191134509081227, 0, h};
Point(12) = {3.286433206800085, 1.8352340713553488, 0, h};
Point(13) = {3.4550261929086115, 1.7034766900250786, 0, h};
Point(14) = {3.4553364891256058, 1.7044797933386604, 0, h};
Spline(1) = {1, 2, 3, 4, 5, 6, 7, 8, 9, 10, 11, 12, 13};
Line(2) = {1, 14, 13};
Curve Loop(1) = {-1, 2};
Plane Surface(1) = {1};
