// Fichier .geo généré à partir de c:\Users\gsagot\OneDrive - Université Paris Sciences et Lettres\TR Fluides\PBO\Maxime\pbo-cfd\pbo_v0\geometry\mesh\txt_files\object.txt
h = 0.01;
Point(1) = {3.956611746252994, 1.9086324152710246, 0, h};
Point(2) = {3.7681137076700173, 1.9761438361594226, 0, h};
Point(3) = {3.508851406977405, 2.1542261470147506, 0, h};
Point(4) = {3.2899613296884995, 2.122329688520791, 0, h};
Point(5) = {3.1454555997114517, 2.2653273948093906, 0, h};
Point(6) = {3.0269775217986647, 2.2027319073195435, 0, h};
Point(7) = {3.0, 2.2, 0, h};
Point(8) = {3.020837715999487, 2.18264950744432, 0, h};
Point(9) = {3.0840575417196767, 2.064503396057153, 0, h};
Point(10) = {3.283821523889322, 2.102247288645567, 0, h};
Point(11) = {3.4474533489856305, 1.953402148262513, 0, h};
Point(12) = {3.7619739018708396, 1.956061436284199, 0, h};
Point(13) = {3.955997765673077, 1.9066241752835023, 0, h};
Point(14) = {3.9563047559630355, 1.9076282952772634, 0, h};
Spline(1) = {1, 2, 3, 4, 5, 6, 7, 8, 9, 10, 11, 12, 13};
Line(2) = {1, 14, 13};
Curve Loop(1) = {-1, 2};
Plane Surface(1) = {1};
